Epoch: 0 loss: 333.250
Epoch: 0 loss: 152.134
Mean: 0.12000 Variance: 0.00700